Xs: 39775.098007968
Ys:27513.4778018514
Zs:7586.86129314904
phi:-4.15295794942848e-062
omega:0.00281054887622008
kappa:-0.0667459432161053